111011111010011111
100110000001000001
011110011110001110
110110011110001111
101011010010011110
100100111010011001
100000110011110010
100011000001101111
110111111011111011
000100111010110001
111111011010011010
100001101111010111
000000000101001100
000000000000000101
010111000010011001
100110011110110010
011100001010010110
001100001011100001
100000000011000001
111010110100011011
000110001100011000
110111111100111111
101110001111011011
000101000001111000
100000100000000001
111111010010011111
111111111011111011
111111111011001011
101111010001010111
111111111010011111
011111011111111111
111111111111101111
011111111100111111
001110100010000000
111111111011011111
110010100011100010
110111111010011011
101101111000111010
111110100001000000
111111111111110111
111110101011111001
111111011111111111
111111111011011111
101010111011111111
111010111011001111
111100101011101111
011111111100111111
011111111011111111
111111111111111111
001000000001000000
001011110101111001
111111000101110111
111111111010011011
000010000010000100
011010011011111111
000110101001011001
101110111110011110
111111111001100111
111111111011011101
100010011011100101
010111001011100010
000010110010001100
101011111110011011
111111101010011011
111111111011101111
111111111110011111
111101010010111011
100110111010011011
110000001001010001
111110000001111011
101000100000100001
110111011000010011
000110010010001010
111010101100111001
100111000010110010
111111011010011111
111110111111111111
111111111111101011
111111011101101011
111111111010011011
111101000010011111
111011111100001001
011110101011111011
000000010110011110
111111111011101111
001110011011011011
111111001011111011
001010100100000000
111010111110011011
001010101000011001
011000001010001001
011010001010011001
101111111110011111
000010000011000001
000110000000011001
101100000001110000
100110110000000001
101110110110110001
100000010011100011
111111011001011111
111111011011111011
111111111111111100
101110000000011000
000010000000110011
101100010001100011
111101101101011111
101110100001000000
110010110001010001
111110111110011111
111111111110111111
101111111110011111
110111111111111111
111000111111010111
111111111110111011
111111111010100011
110110010010100010
011111000001011011
100010100000100110
111111111011111010
100111011001011011
011100000011010000
100011111110111111
101011001100111111
111111010011011100
111010011000011111
111111011100111111
111111011111110111
100010001111010000
111110100010001101
111111001001000111
101011010011110001
100010000000100001
000010101011100010
100110100010111001
110010000011010010
101101111010001001
100100111001010111
111010110010101000
000111011110111011
111111111111011011
111110111110101111
010111011110111111
101110011010011001
001110011001110010
101111011111011111
111111111111011111
111111000110011011
111111111010110111
111111011111111011
111111111010111111
001100100010000001
110111111111111111
101111111010001011
000000000000100101
100000000000010000
100000000000010000
111101111011101011
110111111111011111
111100111011111011
111111111111001111
111111111011001111
111111111111111111
111010011010110011
000010100011100101
100010000000000000
100101110000110001
001110011010001001
111111111111100010
000110010010011111
001110100110111101
111111100111011001
111111010011111110
001100100100110001
110010010001001011
101110011010101011
111010101000010011
111111110001111111
110111111111011011
110110111011111111
111010111111101111
101001001011011101
111111111111111011
111011111011011001
110111111011011111
011111011111001111
110111111111111111
111010101011011100
111111011101111101
101100011011000011
111110010011011011
111010001110111011
110011001010000101
100100010001000000
101000011110001011
110111111100011111
101000001000101010
111010111011011001
100101000010101000
110010100010010010
100110111010010001
111010111111111011
010000100000100100
101000100100000000
100111000000111000
000100001010000010
100010110111101000
001010001010110001
000000000001001000
100010000010000000
000000000001100001
100011000010010100
100000010000101000
110110111011000101
101111101010100000
001001110001101111
111111111111111111
111111111010001111
011111011111110111
111111111100101111
111111111110111111
111100110001011101
100101001011011000
110010010010011010
110110111000011011
111011100110011010
101110011100111111
110111011010111111
111111010011111111
011110011111011011
111111110010101011
101110101010011001
111011011011011011
111111110011101111
010001111001000000
111110011011100110
001001111111101011
111111111110111111
111111111111111011
111111011111111011
100000000001001111
111111011111011101
101111111110111011
100000000001011001
100111000000010010
001010011011011011
111111110010011001
111111111111111111
111110111111001111
011110110111000101
001110111000111111
000110001101100001
100111101111001011
101110100010011011
111011111111001111
111011111110101111
011110111010011011
001111011010001011
101111011111111111
111110111110011111
100111111011111111
110100100001100000
001110111010100111
100000100010110111
000000100000110100
001110111011111011
111110010111011111
001010110010110011
011010111111000001
110100100110100000
010110010111001111
100000000000010000
001110000010000000
001000000100000010
000100100010010110
100100100011010010
101010000001110000
111111111111111111
111111111010101111
111111011111110010
110100011111101111
101100111111011111
001110111010101111
111111111111011011
111011011001110011
111111111110011111
111111111111111111
111110111110101011
101111011011111011
011111111111111111
111111110100111110
101000100010000000
101101001011111010
101111011010111000
101011000111101010
111111101011101011
111011011010011111
100111011010001111
111010111001001011
101110100111000010
101110101001100011
100010101011110011
111000111111010000
010000000001000001
000100100001110000
110000001011010001
101110111111101111
100000001100100000
000110101011100000
110000000000110000
010110100011001011
111111011111011111
100110111010111010
101001101011000001
101111011011001101
000010111010100010
111110010011001111
001100100001001001
111111101000011011
111111111111011101
111111111010111011
111110111110110010
000000110010000000
000000101010011010
111111111110111111
101110111111111011
011110111011011001
111111111111011011
111100111110000111
111011111001001101
111111111111111111
100000001010000001
101111111111111111
100010001100010001
111111101111111011
110111011011101111
101111101001110000
100111000001100001
111110011111111011
010010110010111110
111111111011011111
001010110011101001
000100100001110101
110110111110011011
100100000000000001
011111111111010011
111110011001001001
101110000010000000
100111001101010001
101110111000000111
111011111011111001
111110111010010111
100100111010001011
101110010110100100
101111111010101111
101110111011111011
111111011010111111
100010111010100000
111110111111001111
110100100011001111
111111111110011111
111010111010111101
111011111110111111
111111011110011011
100111011110011111
100000000001111000
101111111110101011
111101011010011111
111111110110001011
111111111011011011
101110000000000001
100010100111001001
111111111111111111
111110111110111111
111110011010000011
100111100110110001
001110101010010010
111111111010100111
101011011010010010
101101000000000011
111111011111101111
101111011110001001
111110111111100101
111010011110000111
110011110111010111
110110101100011011
111011011111000111
011111011110111011
111111011111111111
101110011000011111
101010011110011111
111011111100011111
111111111110111011
000000000000000000
110110011101111111
101111010010111011
011111111111011111
111111111111111111
111111111110001111
111110010110111011
011111111011111001
011111011011011001
110100111010110000
000000000000101111
010110010010010001
100100001001010001
111011011100011111
111111111110011011
001111110000110011
111111110010111010
111111011111111010
100001111010011111
101110111101111011
111010001011100011
101110000000000101
100000011100000001
101010111110010011
111110011011110111
101111011111011111
011111111011110110
111110111010101110
101110111011010011
011111111010011011
011111011111111111
011110111111011111
110110011111010111
111111111111011111
110110111011001000
001000001010010011
001111010010010000
111110010011100011
111111111100111110
110111111110011001
100110010110011011
111110011110111111
001111101110111111
111110101111111011
111111111111000111
111011111011111111
111011111011011101
111011110001010001
111110111000110011
010110011010100001
100111100011000001
101100011010011001
010111101011111011
100111100011011011
111111111011011111
110011100010010111
111101111111111111
111011111101111111
011110011001011011
111111011101011111
101110101110100001
101011100000011001
001111001011100101
011011111011011000
100011111011011011
101011111001011001
101111111110000111
010110101000011011
111111110110111110
011011111011111111
111010111111010011
111111111111011011
100011011010011011
101110111000001111
011100110100110000
010010101011110011
011111111110101011
101110011000111001
111010010011010001
100000100000010000
